	DJIA	CPI	REAL DJIA
1895	3,415241631	1,91033367	6,959407157
1896	3,450603229	1,896148521	7,008953904
1896	3,464003152	1,881760489	7,03674186
1896	3,448751862	1,881760489	7,02149057
1896	3,474884551	1,867161163	7,062222584
1896	3,448383085	1,852345536	7,050536745
1896	3,402523169	1,83730839	7,019713976
1896	3,305680847	1,83730839	6,922871654
1896	3,289528119	1,83730839	6,906718925
1896	3,375797519	1,83730839	6,992988326
1896	3,410441192	1,867161163	6,997779225
1896	3,425336996	1,896148521	6,983687671
1896	3,401360702	1,896148521	6,959711377
1897	3,43970951	1,867161163	7,027047544
1897	3,419538157	1,867161163	7,00687619
1897	3,364336282	1,867161163	6,951674315
1897	3,351331139	1,852345536	6,953484799
1897	3,375421349	1,83730839	6,992612156
1897	3,475256067	1,83730839	7,092446873
1897	3,557494328	1,83730839	7,174685135
1897	3,692669762	1,881760489	7,265408469
1897	3,620228488	1,91033367	7,164394015
1897	3,581227426	1,896148521	7,139578101
1897	3,548683042	1,896148521	7,107033717
1897	3,588948615	1,896148521	7,147299291
1898	3,601017716	1,896148521	7,159368391
1898	3,521126261	1,91033367	7,065291788
1898	3,504749263	1,91033367	7,048914789
1898	3,517438488	1,91033367	7,061604015
1898	3,654168955	1,97838726	7,130280891
1898	3,651891247	1,91033367	7,196056773
1898	3,681477124	1,896148521	7,239827799
1898	3,788957794	1,896148521	7,347308469
1898	3,667354444	1,896148521	7,225705119
1898	3,703915839	1,896148521	7,262266514
1898	3,735350264	1,896148521	7,293700939
1898	3,791769922	1,91033367	7,335935448
1899	3,853132504	1,91033367	7,39729803
1899	3,890198576	1,938113054	7,406584718
1899	3,997310397	1,938113054	7,51369654
1899	4,028827785	1,951718044	7,531608937
1899	3,901071253	1,951718044	7,403852406
1899	3,942705448	1,965141555	7,432063089
1899	3,989206244	1,97838726	7,465318181
1899	4,015045189	1,991458701	7,478085685
1899	3,97747361	2,029680218	7,402292589
1899	4,005884864	2,042102134	7,418281927
1899	4,013589935	2,054372675	7,413716456
1899	3,879663024	2,066494473	7,267667747
Январь 1900	3,880418813	2,066494473	7,268423536
Февраль 1900	3,847053458	2,078470078	7,223082576
Март 1900	3,878753668	2,078470078	7,254782786
Апрель 1900	3,80506566	2,078470078	7,181094778
Май 1900	3,768027916	2,054372675	7,168154438
Июнь 1900	3,694856556	2,042102134	7,107253618
Июль 1900	3,728333313	2,054372675	7,128459835
Август 1900	3,745956615	2,042102134	7,158353677
Сентябрь 1900	3,682768319	2,054372675	7,082894841
Октябрь 1900	3,767011106	2,042102134	7,179408169
Ноябрь 1900	3,887351143	2,042102134	7,299748205
Декабрь 1900	3,947382427	2,029680218	7,372201406
Январь 1901	3,890648183	2,042102134	7,303045246
Февраль 1901	3,893488294	2,029680218	7,318307272
Март 1901	3,936147652	2,029680218	7,36096663
Апрель 1901	4,016894602	2,017100978	7,45429282
Май 1901	4,016498329	2,017100978	7,453896548
Июнь 1901	4,044735813	2,017100978	7,482134032
Июль 1901	3,960310186	2,029680218	7,385129164
Август 1901	3,985673016	2,042102134	7,398070078
Сентябрь 1901	3,88840017	2,054372675	7,288526692
Октябрь 1901	3,854686223	2,054372675	7,254812744
Ноябрь 1901	3,863336836	2,066494473	7,251341559
Декабрь 1901	3,856391895	2,078470078	7,232421014
Январь 1902	3,862414607	2,066494473	7,25041933
Февраль 1902	3,860255915	2,066494473	7,248260638
Март 1902	3,896320362	2,066494473	7,284325085
Апрель 1902	3,893637014	2,078470078	7,269666132
Май 1902	3,884793628	2,090304965	7,248987859
Июнь 1902	3,852510765	2,101999444	7,205010517
Июль 1902	3,875719952	2,101999444	7,228219704
Август 1902	3,882684819	2,090304965	7,24687905
Сентябрь 1902	3,880720143	2,101999444	7,233219895
Октябрь 1902	3,879359308	2,169445029	7,164413476
Ноябрь 1902	3,816736025	2,13628596	7,134949262
Декабрь 1902	3,852200812	2,147461599	7,15923841
Январь 1903	3,865947653	2,158513721	7,161933128
Февраль 1903	3,881324594	2,158513721	7,177310069
Март 1903	3,842038214	2,124993687	7,171543723
Апрель 1903	3,844236549	2,124993687	7,173742059
Май 1903	3,787631431	2,101999444	7,140131183
Июнь 1903	3,767688324	2,101999444	7,120188076
Июль 1903	3,615905454	2,101999444	6,968405206
Август 1903	3,662666374	2,101999444	7,015166126
Сентябрь 1903	3,513078591	2,113562656	6,854015132
Октябрь 1903	3,498342241	2,101999444	6,850841993
Ноябрь 1903	3,480458245	2,090304965	6,844652477
Декабрь 1903	3,582857609	2,090304965	6,94705184
Январь 1904	3,578777158	2,113562656	6,919713699
Февраль 1904	3,550157471	2,13628596	6,868370707
Март 1904	3,583063279	2,124993687	6,912568789
Апрель 1904	3,576525094	2,113562656	6,917461634
Май 1904	3,563741311	2,090304965	6,927935542
Июнь 1904	3,585705435	2,090304965	6,949899667
Июль 1904	3,642537042	2,090304965	7,006731273
Август 1904	3,688279274	2,101999444	7,040779026
Сентябрь 1904	3,742145302	2,113562656	7,083081842
Октябрь 1904	3,83240604	2,113562656	7,173342581
Ноябрь 1904	3,96574006	2,13628596	7,283953297
Декабрь 1904	3,931704057	2,13628596	7,249917293
Январь 1905	3,956112615	2,13628596	7,274325852
Февраль 1905	4,008281826	2,13628596	7,326495063
Март 1905	4,071072523	2,124993687	7,400578033
Апрель 1905	4,020581402	2,124993687	7,350086912
Май 1905	3,997176324	2,113562656	7,338112864
Июнь 1905	4,030911208	2,113562656	7,371847748
Июль 1905	4,091849786	2,113562656	7,432786327
Август 1905	4,078667314	2,124993687	7,408172824
Сентябрь 1905	4,094294561	2,113562656	7,435231101
Октябрь 1905	4,116870602	2,113562656	7,457807142
Ноябрь 1905	4,187382465	2,124993687	7,516887975
Декабрь 1905	4,255225401	2,13628596	7,573438637
Январь 1906	4,300842338	2,13628596	7,619055575
Февраль 1906	4,231452261	2,13628596	7,549665497
Март 1906	4,262991096	2,13628596	7,581204333
Апрель 1906	4,19447794	2,13628596	7,512691177
Май 1906	4,229427459	2,147461599	7,536465057
Июнь 1906	4,154818584	2,147461599	7,461856182
Июль 1906	4,215031526	2,113562656	7,555968066
Август 1906	4,232197437	2,13628596	7,550410674
Сентябрь 1906	4,240987127	2,147461599	7,548024724
Октябрь 1906	4,22042787	2,169445029	7,505482038
Ноябрь 1906	4,243934859	2,180248981	7,518185075
Декабрь 1906	4,235806508	2,190946509	7,499359195
Январь 1907	4,207319018	2,180248981	7,481569234
Февраль 1907	4,194588008	2,201530811	7,447556393
Март 1907	4,072695231	2,190946509	7,336247918
Апрель 1907	4,123178182	2,190946509	7,38673087
Май 1907	4,046786389	2,212004258	7,289281328
Июнь 1907	4,075312938	2,222360371	7,307451763
Июль 1907	4,056597696	2,222360371	7,288736521
Август 1907	3,969344295	2,222360371	7,20148312
Сентябрь 1907	3,904178316	2,222360371	7,136317141
Октябрь 1907	3,744053957	2,232619021	6,965934133
Ноябрь 1907	3,756283397	2,190946509	7,019836085
Декабрь 1907	3,762088093	2,169445029	7,047142261
Январь 1908	3,827157688	2,158513721	7,123143163
Февраль 1908	3,79209918	2,147461599	7,099136778
Март 1908	3,901071253	2,147461599	7,208108851
Апрель 1908	3,930842797	2,158513721	7,226828272
Май 1908	3,975962597	2,158513721	7,271948072
Июнь 1908	3,973622211	2,158513721	7,269607686
Июль 1908	4,075063199	2,169445029	7,360117367
Август 1908	4,127439177	2,169445029	7,412493345
Сентябрь 1908	4,069947698	2,169445029	7,355001865
Октябрь 1908	4,101957179	2,180248981	7,376207395
Ноябрь 1908	4,158146875	2,190946509	7,421699562
Декабрь 1908	4,144885574	2,201530811	7,397853959
Январь 1909	4,120682974	2,190946509	7,384235661
Февраль 1909	4,093684344	2,201530811	7,34665273
Март 1909	4,144536917	2,201530811	7,397505303
Апрель 1909	4,169422659	2,222360371	7,401561484
Май 1909	4,212539365	2,232619021	7,434419541
Июнь 1909	4,213622776	2,242773498	7,425348474
Июль 1909	4,261339543	2,242773498	7,473065241
Август 1909	4,272743156	2,252825897	7,474416455
Сентябрь 1909	4,289456198	2,262769823	7,481185572
Октябрь 1909	4,284623266	2,282382386	7,456740076
Ноябрь 1909	4,253352	2,292046283	7,415804914
Декабрь 1909	4,284420697	2,301617683	7,43730221
Январь 1910	4,209605903	2,292046283	7,372058816
Февраль 1910	4,203384301	2,292046283	7,365837214
Март 1910	4,185378947	2,311090309	7,328787835
Апрель 1910	4,145465342	2,320482001	7,279482538
Май 1910	4,146857945	2,301617683	7,299739459
Июнь 1910	4,085465258	2,292046283	7,247918171
Июль 1910	4,025824793	2,292046283	7,188277706
Август 1910	4,066814052	2,282382386	7,238930862
Сентябрь 1910	4,06731589	2,272624185	7,249190901
Октябрь 1910	4,128737937	2,242773498	7,340463636
Ноябрь 1910	4,101836428	2,222360371	7,333975253
Декабрь 1910	4,087679064	2,222360371	7,319817889
Январь 1911	4,130623452	2,222360371	7,362762277
Февраль 1911	4,131682093	2,190946509	7,39523478
Март 1911	4,1108837	2,201530811	7,363852086
Апрель 1911	4,115437207	2,169445029	7,400491375
Май 1911	4,137897225	2,169445029	7,422951393
Июнь 1911	4,142910892	2,169445029	7,42796506
Июль 1911	4,143375967	2,180248981	7,417626183
Август 1911	4,061402895	2,212004258	7,303897833
Сентябрь 1911	4,023600158	2,222360371	7,255738983
Октябрь 1911	4,016763129	2,222360371	7,248901954
Ноябрь 1911	4,082874026	2,212004258	7,325368965
Декабрь 1911	4,091605815	2,201530811	7,344574201
Январь 1912	4,073194127	2,212004258	7,315689066
Февраль 1912	4,088170542	2,222360371	7,320309367
Март 1912	4,1691969	2,242773498	7,380922599
Апрель 1912	4,191933961	2,272624185	7,373808972
Май 1912	4,166246532	2,272624185	7,348121543
Июнь 1912	4,198776647	2,262769823	7,390506021
Июль 1912	4,185378947	2,262769823	7,377108321
Август 1912	4,205899354	2,272624185	7,387774365
Сентябрь 1912	4,233684677	2,282382386	7,405801487
Октябрь 1912	4,196463329	2,282382386	7,36858014
Ноябрь 1912	4,204041661	2,282382386	7,376158472
Декабрь 1912	4,1646539	2,272624185	7,346528911
Январь 1913	4,116274011	2,282382386	7,288390822
Февраль 1913	4,074815098	2,282382386	7,246931908
Март 1913	4,082256799	2,282382386	7,254373609
Апрель 1913	4,052403887	2,282382386	7,224520697
Май 1913	4,050364809	2,272125886	7,23273812
Июнь 1913	4,004815473	2,282382386	7,176932284
Июль 1913	4,05164059	2,292534757	7,213605029
Август 1913	4,093195569	2,292534757	7,255160008
Сентябрь 1913	4,075436934	2,302585093	7,227351038
Октябрь 1913	4,04934371	2,302585093	7,201257813
Ноябрь 1913	4,018738802	2,312535424	7,160702575
Декабрь 1913	4,055454728	2,302585093	7,207368831
Январь 1914	4,10582837	2,302585093	7,257742474
Февраль 1914	4,09868015	2,292534757	7,260644589
Март 1914	4,100260363	2,292534757	7,262224802
Апрель 1914	4,059761744	2,282382386	7,231878555
Май 1914	4,09025789	2,292534757	7,252222329
Июнь 1914	4,079038012	2,292534757	7,241002452
Июль 1914	4,066239397	2,302585093	7,218153501
Август 1914	4,053274852	2,32238772	7,185386328
Сентябрь 1914	4,040140017	2,32238772	7,172251493
Октябрь 1914	4,026830359	2,312535424	7,168794132
Ноябрь 1914	4,013341162	2,32238772	7,145452638
Декабрь 1914	3,999667515	2,312535424	7,141631288
Январь 1915	4,045854353	2,312535424	7,187818126
Февраль 1915	4,010600569	2,302585093	7,162514672
Март 1915	4,108083088	2,292534757	7,270047528
Апрель 1915	4,273605886	2,302585093	7,425519989
Май 1915	4,169297415	2,312535424	7,311261188
Июнь 1915	4,249352018	2,312535424	7,39131579
Июль 1915	4,322011202	2,312535424	7,463974975
Август 1915	4,396915247	2,312535424	7,53887902
Сентябрь 1915	4,506233438	2,312535424	7,648197211
Октябрь 1915	4,564556503	2,32238772	7,696667979
Ноябрь 1915	4,57171681	2,332143895	7,694072111
Декабрь 1915	4,596633855	2,332143895	7,718989156
Январь 1916	4,506233438	2,341805806	7,618926828
Февраль 1916	4,511189123	2,341805806	7,623882513
Март 1916	4,535284059	2,351375257	7,638407998
Апрель 1916	4,497362233	2,360854001	7,591007429
Май 1916	4,519612298	2,370243741	7,603867753
Июнь 1916	4,495132081	2,379546134	7,570085143
Июль 1916	4,491441421	2,379546134	7,566394483
Август 1916	4,524502283	2,388762789	7,59023869
Сентябрь 1916	4,633757643	2,406945108	7,681311731
Октябрь 1916	4,650239149	2,424802726	7,67993562
Ноябрь 1916	4,663156035	2,442347035	7,675308196
Декабрь 1916	4,553876892	2,451005098	7,55737099
Январь 1917	4,558392994	2,459588842	7,553303349
Февраль 1917	4,516994495	2,48490665	7,486587042
Март 1917	4,558183395	2,48490665	7,527775941
Апрель 1917	4,535069558	2,533696814	7,455871941
Май 1917	4,578620851	2,549445171	7,483674876
Июнь 1917	4,562993107	2,564949357	7,452542946
Июль 1917	4,519067487	2,549445171	7,424121512
Август 1917	4,423648309	2,564949357	7,313198148
Сентябрь 1917	4,428552332	2,587764035	7,295287493
Октябрь 1917	4,310799125	2,602689685	7,162608636
Ноябрь 1917	4,28565339	2,602689685	7,137462901
Декабрь 1917	4,309187088	2,617395833	7,146290452
Январь 1918	4,379523504	2,63905733	7,194965371
Февраль 1918	4,38688979	2,646174797	7,195214189
Март 1918	4,340162431	2,63905733	7,155604297
Апрель 1918	4,35040696	2,653241965	7,151664192
Май 1918	4,357733942	2,674148649	7,138084489
Июнь 1918	4,414977735	2,687847494	7,181629438
Июль 1918	4,397284637	2,714694744	7,13708909
Август 1918	4,416911037	2,734367509	7,137042724
Сентябрь 1918	4,438879446	2,753660712	7,13971793
Октябрь 1918	4,448633328	2,772588722	7,130543802
Ноябрь 1918	4,396052806	2,791165108	7,059386895
Декабрь 1918	4,409155302	2,803360381	7,060294118
Январь 1919	4,389622711	2,803360381	7,040761527
Февраль 1919	4,44041346	2,785011242	7,109901415
Март 1919	4,486949555	2,797281335	7,144167416
Апрель 1919	4,531308337	2,815408719	7,170398814
Май 1919	4,658710953	2,827313622	7,285896527
Июнь 1919	4,672641901	2,827313622	7,299827476
Июль 1919	4,674323045	2,856470206	7,272352035
Август 1919	4,651576559	2,87356464	7,232511116
Сентябрь 1919	4,713306845	2,879198457	7,288607584
Октябрь 1919	4,778450998	2,895911938	7,337038256
Ноябрь 1919	4,64053733	2,917770732	7,177265794
Декабрь 1919	4,67497606	2,939161922	7,190313335
Январь 1920	4,64265863	2,960105096	7,137052731
Февраль 1920	4,514260311	2,970414466	6,998345042
Март 1920	4,632882625	2,980618636	7,106763185
Апрель 1920	4,538389152	3,010620886	6,982267463
Май 1920	4,522440538	3,025291076	6,951648659
Июнь 1920	4,50821866	3,039749159	6,922968697
Июль 1920	4,464182493	3,034952987	6,883728702
Август 1920	4,456206033	3,010620886	6,900084343
Сентябрь 1920	4,418238017	2,995732274	6,87700494
Октябрь 1920	4,442062848	2,990719732	6,905842313
Ноябрь 1920	4,331259518	2,985681938	6,800076776
Декабрь 1920	4,275971433	2,965273066	6,765197564
Январь 1921	4,332442405	2,944438979	6,842502623
Февраль 1921	4,317221411	2,912350665	6,859369943
Март 1921	4,327570449	2,90690106	6,875168586
Апрель 1921	4,367420482	2,895911938	6,92600774
Май 1921	4,296468746	2,87356464	6,877403303
Июнь 1921	4,226103552	2,867898902	6,812703846
Июль 1921	4,232075458	2,87356464	6,813010015
Август 1921	4,206333064	2,87356464	6,787267621
Сентябрь 1921	4,263806003	2,862200881	6,856104319
Октябрь 1921	4,293332024	2,862200881	6,885630339
Ноябрь 1921	4,347693956	2,856470206	6,945722946
Декабрь 1921	4,395682961	2,850706502	6,999475656
Январь 1922	4,398146017	2,827313622	7,025331591
Февраль 1922	4,44804843	2,827313622	7,075234005
Март 1922	4,48919801	2,815408719	7,128288487
Апрель 1922	4,529799879	2,815408719	7,168890356
Май 1922	4,560486578	2,815408719	7,199577055
Июнь 1922	4,531846522	2,815408719	7,170936999
Июль 1922	4,57522631	2,821378886	7,20834662
Август 1922	4,612939923	2,809402695	7,258036424
Сентябрь 1922	4,567468319	2,809402695	7,21256482
Октябрь 1922	4,565493369	2,815408719	7,204583846
Ноябрь 1922	4,550185878	2,821378886	7,183306188
Декабрь 1922	4,592388852	2,827313622	7,219574426
Январь 1923	4,579134171	2,821378886	7,212254482
Февраль 1923	4,643428898	2,821378886	7,276549208
Март 1923	4,632298853	2,821378886	7,265419163
Апрель 1923	4,588837531	2,827313622	7,216023106
Май 1923	4,580160023	2,827313622	7,207345598
Июнь 1923	4,475630815	2,833213344	7,096916667
Июль 1923	4,4648731	2,844909384	7,074462913
Август 1923	4,537533537	2,839078464	7,15295427
Сентябрь 1923	4,476086033	2,844909384	7,085675845
Октябрь 1923	4,483341478	2,850706502	7,087134173
Ноябрь 1923	4,525477417	2,850706502	7,129270112
Декабрь 1923	4,55933565	2,850706502	7,163128345
Январь 1924	4,611748501	2,850706502	7,215541196
Февраль 1924	4,576976452	2,844909384	7,186566264
Март 1924	4,532707014	2,839078464	7,148127747
Апрель 1924	4,506785284	2,833213344	7,128071136
Май 1924	4,498697941	2,833213344	7,119983794
Июнь 1924	4,56819495	2,833213344	7,189480802
Июль 1924	4,626344421	2,839078464	7,241765154
Август 1924	4,655483	2,833213344	7,276768852
Сентябрь 1924	4,636281181	2,839078464	7,251701914
Октябрь 1924	4,644967656	2,844909384	7,254557469
Ноябрь 1924	4,712947778	2,844909384	7,322537591
Декабрь 1924	4,791732737	2,850706502	7,395525432
Январь 1925	4,813971376	2,850706502	7,417764071
Февраль 1925	4,809823848	2,844909384	7,419413661
Март 1925	4,760034897	2,850706502	7,363827592
Апрель 1925	4,787575073	2,844909384	7,397164885
Май 1925	4,867149761	2,850706502	7,470942456
Июнь 1925	4,875273656	2,862200881	7,467571972
Июль 1925	4,896420883	2,87356464	7,47735544
Август 1925	4,950035672	2,87356464	7,530970229
Сентябрь 1925	4,966056251	2,87356464	7,546990808
Октябрь 1925	5,053183797	2,87356464	7,634118354
Ноябрь 1925	5,017809498	2,890371758	7,581936936
Декабрь 1925	5,054077852	2,884800713	7,623776336
Январь 1926	5,059044433	2,884800713	7,628742917
Февраль 1926	5,039870419	2,884800713	7,609568903
Март 1926	4,944922751	2,879198457	7,52022349
Апрель 1926	4,96779738	2,884800713	7,537495864
Май 1926	4,965847111	2,879198457	7,54114785
Июнь 1926	5,030699325	2,87356464	7,611633882
Июль 1926	5,078107009	2,862200881	7,670405325
Август 1926	5,090739538	2,856470206	7,688768529
Сентябрь 1926	5,063796842	2,862200881	7,656095158
Октябрь 1926	5,013165424	2,867898902	7,599765718
Ноябрь 1926	5,053375448	2,87356464	7,634310005
Декабрь 1926	5,05751888	2,87356464	7,638453437
Январь 1927	5,052480765	2,862200881	7,64477908
Февраль 1927	5,087349391	2,856470206	7,685378381
Март 1927	5,07567369	2,850706502	7,679466385
Апрель 1927	5,101146097	2,850706502	7,704938791
Май 1927	5,153060354	2,856470206	7,751089344
Июнь 1927	5,113372372	2,867898902	7,699972666
Июль 1927	5,207352731	2,850706502	7,811145426
Август 1927	5,245918198	2,844909384	7,85550801
Сентябрь 1927	5,286194177	2,850706502	7,889986872
Октябрь 1927	5,202522069	2,856470206	7,800551059
Ноябрь 1927	5,289327075	2,850706502	7,89311977
Декабрь 1927	5,310245937	2,850706502	7,914038632
Январь 1928	5,291242398	2,850706502	7,895035093
Февраль 1928	5,271870717	2,839078464	7,88729145
Март 1928	5,36293401	2,839078464	7,978354743
Апрель 1928	5,354839467	2,839078464	7,9702602
Май 1928	5,392763537	2,844909384	8,002353349
Июнь 1928	5,349723155	2,839078464	7,965143888
Июль 1928	5,375278408	2,839078464	7,990699141
Август 1928	5,482345799	2,839078464	8,097766532
Сентябрь 1928	5,478261099	2,850706502	8,082053794
Октябрь 1928	5,530063807	2,844909384	8,139653619
Ноябрь 1928	5,681468697	2,844909384	8,29105851
Декабрь 1928	5,703782475	2,839078464	8,319203208
Январь 1929	5,760509314	2,839078464	8,375930047
Февраль 1929	5,760194314	2,839078464	8,375615047
Март 1929	5,732855722	2,833213344	8,354141575
Апрель 1929	5,766099781	2,827313622	8,393285355
Май 1929	5,695111658	2,833213344	8,316397511
Июнь 1929	5,810512053	2,839078464	8,425932786
Июль 1929	5,851340039	2,850706502	8,455132734
Август 1929	5,941039297	2,850706502	8,544831992
Сентябрь 1929	5,839041541	2,850706502	8,442834236
Октябрь 1929	5,611338184	2,850706502	8,215130879
Ноябрь 1929	5,476254325	2,850706502	8,08004702
Декабрь 1929	5,515362359	2,844909384	8,124952172
Январь 1930	5,587772866	2,839078464	8,203193599
Февраль 1930	5,602524643	2,833213344	8,223810495
Март 1930	5,6563414	2,827313622	8,283526975
Апрель 1930	5,632035815	2,833213344	8,253321667
Май 1930	5,617025611	2,827313622	8,244211185
Июнь 1930	5,422038294	2,821378886	8,055158604
Июль 1930	5,455278379	2,809402695	8,100374881
Август 1930	5,482387394	2,803360381	8,133526209
Сентябрь 1930	5,322522055	2,809402695	7,967618556
Октябрь 1930	5,211396895	2,803360381	7,86253571
Ноябрь 1930	5,211615033	2,797281335	7,868832894
Декабрь 1930	5,103396774	2,778819272	7,779076699
Январь 1931	5,121281814	2,766319109	7,809461901
Февраль 1931	5,245232995	2,753660712	7,94607148
Март 1931	5,149585313	2,747270914	7,856813595
Апрель 1931	5,018537324	2,740840024	7,732196497
Май 1931	4,855617572	2,727852828	7,58226394
Июнь 1931	5,011834575	2,714694744	7,751639027
Июль 1931	4,908159503	2,714694744	7,647963955
Август 1931	4,937419232	2,714694744	7,677223684
Сентябрь 1931	4,570682256	2,708050201	7,317131251
Октябрь 1931	4,658047226	2,701361213	7,411185209
Ноябрь 1931	4,541910846	2,687847494	7,308562549
Декабрь 1931	4,355425953	2,681021529	7,128903621
Январь 1932	4,33323022	2,660259537	7,12746988
Февраль 1932	4,399866553	2,646174797	7,208190952
Март 1932	4,29428772	2,63905733	7,109729587
Апрель 1932	4,02731405	2,63188884	6,849924406
Май 1932	3,800867956	2,617395833	6,63797132
Июнь 1932	3,757472246	2,610069793	6,601901649
Июль 1932	3,993787307	2,610069793	6,838216711
Август 1932	4,292648824	2,602689685	7,144458335
Сентябрь 1932	4,270536259	2,595254707	7,129780748
Октябрь 1932	4,12552018	2,587764035	6,992255341
Ноябрь 1932	4,03158224	2,58021683	6,905864607
Декабрь 1932	4,093177214	2,57261223	6,975064181
Январь 1933	4,109233175	2,557227311	7,00650506
Февраль 1933	3,939443601	2,541601993	6,852340804
Март 1933	4,014579594	2,533696814	6,935381976
Апрель 1933	4,352340324	2,533696814	7,273142707
Май 1933	4,478586034	2,533696814	7,399388416
Июнь 1933	4,586395031	2,541601993	7,499292234
Июль 1933	4,508328835	2,57261223	7,390215801
Август 1933	4,628984364	2,58021683	7,503266731
Сентябрь 1933	4,551980357	2,58021683	7,426262724
Октябрь 1933	4,479153345	2,58021683	7,353435712
Ноябрь 1933	4,586395031	2,58021683	7,460677398
Декабрь 1933	4,604169686	2,58021683	7,478452053
Январь 1934	4,674882798	2,58021683	7,549165165
Февраль 1934	4,639185065	2,587764035	7,505920226
Март 1934	4,623501143	2,587764035	7,490236304
Апрель 1934	4,61005822	2,587764035	7,476793381
Май 1934	4,543294782	2,587764035	7,410029944
Июнь 1934	4,561427263	2,595254707	7,420671753
Июль 1934	4,477904835	2,595254707	7,337149324
Август 1934	4,531092983	2,595254707	7,390337472
Сентябрь 1934	4,528613063	2,610069793	7,373042467
Октябрь 1934	4,536462988	2,602689685	7,388272499
Ноябрь 1934	4,634146294	2,602689685	7,485955805
Декабрь 1934	4,644775441	2,595254707	7,50401993
Январь 1935	4,62192897	2,610069793	7,466358374
Февраль 1935	4,628691381	2,617395833	7,465794745
Март 1935	4,613237557	2,617395833	7,450340921
Апрель 1935	4,695467824	2,624668592	7,525298428
Май 1935	4,706372066	2,624668592	7,536202671
Июнь 1935	4,772462704	2,617395833	7,609566067
Июль 1935	4,83810564	2,617395833	7,675209003
Август 1935	4,851170519	2,617395833	7,688273883
Сентябрь 1935	4,882195678	2,617395833	7,719299042
Октябрь 1935	4,939783553	2,617395833	7,776886917
Ноябрь 1935	4,958288814	2,624668592	7,788119418
Декабрь 1935	4,97071567	2,624668592	7,800546274
Январь 1936	5,007229501	2,624668592	7,837060105
Февраль 1936	5,024866876	2,624668592	7,854697481
Март 1936	5,052033123	2,617395833	7,889136486
Апрель 1936	4,981343789	2,617395833	7,818447153
Май 1936	5,028082208	2,617395833	7,865185571
Июнь 1936	5,06063108	2,624668592	7,890461685
Июль 1936	5,105096629	2,63188884	7,927706985
Август 1936	5,113733252	2,63905733	7,929175119
Сентябрь 1936	5,122891976	2,63905733	7,938333843
Октябрь 1936	5,177222603	2,63905733	7,99266447
Ноябрь 1936	5,210687617	2,63905733	8,026129483
Декабрь 1936	5,192401141	2,63905733	8,007843008
Январь 1937	5,224347846	2,646174797	8,032672245
Февраль 1937	5,232711609	2,646174797	8,041036009
Март 1937	5,227948549	2,653241965	8,029205781
Апрель 1937	5,160605821	2,660259537	7,95484548
Май 1937	5,163127456	2,667228207	7,950398446
Июнь 1937	5,131790416	2,667228207	7,919061406
Июль 1937	5,223647698	2,674148649	8,003998245
Август 1937	5,178463438	2,674148649	7,958813985
Сентябрь 1937	5,040647068	2,681021529	7,814124736
Октябрь 1937	4,928484811	2,681021529	7,701962479
Ноябрь 1937	4,8160792	2,674148649	7,596429747
Декабрь 1937	4,794550107	2,667228207	7,581821097
Январь 1938	4,802954903	2,653241965	7,604212135
Февраль 1938	4,864761378	2,646174797	7,673085777
Март 1938	4,594614672	2,646174797	7,402939071
Апрель 1938	4,712049548	2,653241965	7,513306779
Май 1938	4,679720917	2,646174797	7,488045316
Июнь 1938	4,896943876	2,646174797	7,705268275
Июль 1938	4,95053137	2,646174797	7,758855769
Август 1938	4,936414495	2,646174797	7,744738894
Сентябрь 1938	4,951946298	2,646174797	7,760270697
Октябрь 1938	5,022102626	2,63905733	7,837544492
Ноябрь 1938	5,009434574	2,63905733	7,82487644
Декабрь 1938	5,04187553	2,63905733	7,857317397
Январь 1939	4,968145242	2,63905733	7,783587109
Февраль 1939	4,992471323	2,63188884	7,81508168
Март 1939	4,881589066	2,63188884	7,704199423
Апрель 1939	4,855539724	2,624668592	7,685370328
Май 1939	4,928557183	2,624668592	7,758387787
Июнь 1939	4,872368899	2,624668592	7,702199504
Июль 1939	4,964661161	2,624668592	7,794491766
Август 1939	4,90089483	2,624668592	7,730725434
Сентябрь 1939	5,027426857	2,646174797	7,835751256
Октябрь 1939	5,023090735	2,63905733	7,838532602
Ноябрь 1939	4,981481077	2,63905733	7,796922944
Декабрь 1939	5,012234015	2,63905733	7,827675882
Январь 1940	4,979007019	2,63188884	7,801617375
Февраль 1940	4,987298429	2,63905733	7,802740296
Март 1940	4,996874379	2,63905733	7,812316246
Апрель 1940	5,000113467	2,63905733	7,815555333
Май 1940	4,755484947	2,63905733	7,570926814
Июнь 1940	4,802954903	2,646174797	7,611279302
Июль 1940	4,837392401	2,63905733	7,652834268
Август 1940	4,86306293	2,63905733	7,678504796
Сентябрь 1940	4,887638691	2,63905733	7,703080558
Октябрь 1940	4,902381709	2,63905733	7,717823576
Ноябрь 1940	4,875197323	2,63905733	7,69063919
Декабрь 1940	4,876189198	2,646174797	7,684513597
Январь 1941	4,821329404	2,646174797	7,629653803
Февраль 1941	4,803775113	2,646174797	7,612099512
Март 1941	4,809905338	2,653241965	7,611162569
Апрель 1941	4,74961679	2,660259537	7,54385645
Май 1941	4,751519082	2,667228207	7,538790072
Июнь 1941	4,813321919	2,687847494	7,579973622
Июль 1941	4,858183171	2,687847494	7,624834874
Август 1941	4,849683763	2,701361213	7,602821747
Сентябрь 1941	4,842768758	2,714694744	7,582573211
Октябрь 1941	4,769158036	2,727852828	7,495804404
Ноябрь 1941	4,73821396	2,734367509	7,458345647
Декабрь 1941	4,709169776	2,740840024	7,422828949
Январь 1942	4,692356548	2,753660712	7,393195032
Февраль 1942	4,670864289	2,76000994	7,365353546
Март 1942	4,600459106	2,772588722	7,28236958
Апрель 1942	4,557554332	2,778819272	7,233234257
Май 1942	4,613931692	2,791165108	7,27726578
Июнь 1942	4,638024523	2,791165108	7,301358612
Июль 1942	4,66079409	2,797281335	7,318011951
Август 1942	4,666547466	2,803360381	7,317686281
Сентябрь 1942	4,692356548	2,803360381	7,343495363
Октябрь 1942	4,736812295	2,815408719	7,375902772
Ноябрь 1942	4,740574823	2,821378886	7,373695133
Декабрь 1942	4,782479201	2,827313622	7,409664776
Январь 1943	4,832943006	2,827313622	7,46012858
Февраль 1943	4,868380247	2,827313622	7,495565821
Март 1943	4,916837304	2,844909384	7,526427116
Апрель 1943	4,908824028	2,856470206	7,506853018
Май 1943	4,956249504	2,862200881	7,548547819
Июнь 1943	4,965498448	2,862200881	7,557796764
Июль 1943	4,912287171	2,856470206	7,510316161
Август 1943	4,917203349	2,850706502	7,520996044
Сентябрь 1943	4,942499198	2,856470206	7,540528189
Октябрь 1943	4,929208295	2,856470206	7,527237286
Ноябрь 1943	4,864221276	2,856470206	7,462250266
Декабрь 1943	4,911845735	2,856470206	7,509874725
Январь 1944	4,92289638	2,856470206	7,52092537
Февраль 1944	4,914858339	2,856470206	7,512887329
Март 1944	4,933322191	2,856470206	7,531351181
Апрель 1944	4,914344634	2,862200881	7,506642949
Май 1944	4,957515772	2,862200881	7,549814087
Июнь 1944	4,999776551	2,867898902	7,586376845
Июль 1944	4,984359763	2,87356464	7,56529432
Август 1944	4,990364557	2,87356464	7,571299114
Сентябрь 1944	4,988594163	2,87356464	7,56952872
Октябрь 1944	4,987230186	2,87356464	7,568164743
Ноябрь 1944	4,992674969	2,87356464	7,573609526
Декабрь 1944	5,025983571	2,879198457	7,60128431
Январь 1945	5,034807446	2,879198457	7,610108185
Февраль 1945	5,077670695	2,879198457	7,652971435
Март 1945	5,039611402	2,879198457	7,614912142
Апрель 1945	5,108608591	2,879198457	7,683909331
Май 1945	5,125748101	2,884800713	7,695446585
Июнь 1945	5,107701507	2,895911938	7,666288765
Июль 1945	5,093013733	2,895911938	7,651600992
Август 1945	5,160720579	2,895911938	7,719307837
Сентябрь 1945	5,20241201	2,895911938	7,760999268
Октябрь 1945	5,228967288	2,895911938	7,787554547
Ноябрь 1945	5,25467891	2,895911938	7,813266168
Декабрь 1945	5,262223759	2,901421594	7,815301361
Январь 1946	5,321398926	2,901421594	7,874476528
Февраль 1946	5,247497644	2,895911938	7,806084902
Март 1946	5,297066585	2,90690106	7,844664721
Апрель 1946	5,331607064	2,912350665	7,873755596
Май 1946	5,357906158	2,917770732	7,894634622
Июнь 1946	5,326029805	2,928523524	7,852005478
Июль 1946	5,306087104	2,985681938	7,774904363
Август 1946	5,242751801	3,005682604	7,691568393
Сентябрь 1946	5,149933361	3,015534901	7,588897656
Октябрь 1946	5,130785895	3,034952987	7,550332105
Ноябрь 1946	5,134621274	3,058707073	7,530413398
Декабрь 1946	5,177279038	3,068052935	7,5637253
Январь 1947	5,195398313	3,068052935	7,581844574
Февраль 1947	5,186826991	3,068052935	7,573273252
Март 1947	5,177279038	3,086486637	7,545291598
Апрель 1947	5,139556074	3,086486637	7,507568634
Май 1947	5,131376912	3,086486637	7,499389471
Июнь 1947	5,177843213	3,091042453	7,541299956
Июль 1947	5,210469276	3,100092289	7,564876184
Август 1947	5,186547466	3,113515309	7,527531353
Сентябрь 1947	5,178914269	3,135494216	7,49791925
Октябрь 1947	5,202962186	3,135494216	7,521967166
Ноябрь 1947	5,18961795	3,139832618	7,504284529
Декабрь 1947	5,199380619	3,152736022	7,501143793
Январь 1948	5,165071647	3,165475048	7,454095796
Февраль 1948	5,119788608	3,157000421	7,417287383
Март 1948	5,177279038	3,152736022	7,479042212
Апрель 1948	5,195786178	3,169685581	7,480599794
Май 1948	5,250911244	3,173878459	7,531531982
Июнь 1948	5,24417792	3,18221184	7,516465276
Июль 1948	5,200318576	3,194583132	7,46023464
Август 1948	5,20241201	3,198673118	7,458238089
Сентябрь 1948	5,183467525	3,198673118	7,439293604
Октябрь 1948	5,239734409	3,194583132	7,499650473
Ноябрь 1948	5,142832464	3,186352633	7,410979027
Декабрь 1948	5,177843213	3,18221184	7,450130569
Январь 1949	5,188055972	3,17805383	7,464501338
Февраль 1949	5,153638355	3,169685581	7,438451971
Март 1949	5,176714545	3,169685581	7,461528161
Апрель 1949	5,159974417	3,173878459	7,440595154
Май 1949	5,126104544	3,169685581	7,41091816
Июнь 1949	5,120505625	3,173878459	7,401126363
Июль 1949	5,170029346	3,165475048	7,459053495
Август 1949	5,185484558	3,169685581	7,470298174
Сентябрь 1949	5,206804966	3,173878459	7,487425704
Октябрь 1949	5,244600084	3,165475048	7,533624232
Ноябрь 1949	5,255148871	3,169685581	7,539962487
Декабрь 1949	5,298967155	3,161246712	7,59221964
Январь 1950	5,307227553	3,157000421	7,604726328
Февраль 1950	5,315371121	3,157000421	7,612869896
Март 1950	5,328118858	3,161246712	7,621371342
Апрель 1950	5,367516883	3,161246712	7,660769368
Май 1950	5,409053408	3,165475048	7,698077556
Июнь 1950	5,342860429	3,169685581	7,627674045
Июль 1950	5,344246298	3,18221184	7,616533654
Август 1950	5,379298096	3,19047635	7,643320942
Сентябрь 1950	5,422126652	3,194583132	7,682042716
Октябрь 1950	5,416144846	3,202746443	7,667897599
Ноябрь 1950	5,427589702	3,206803244	7,675285655
Декабрь 1950	5,461328675	3,218875825	7,696952046
Январь 1951	5,516769932	3,234749174	7,736519955
Февраль 1951	5,529627481	3,246490992	7,737635685
Март 1951	5,513186781	3,250374492	7,717311486
Апрель 1951	5,557329866	3,250374492	7,761454571
Май 1951	5,520059937	3,254242969	7,720316165
Июнь 1951	5,491578863	3,254242969	7,691835091
Июль 1951	5,552416802	3,254242969	7,75267303
Август 1951	5,599347457	3,254242969	7,799603684
Сентябрь 1951	5,602709053	3,261935314	7,795272935
Октябрь 1951	5,56967949	3,265759411	7,758419276
Ноябрь 1951	5,565554355	3,27336401	7,746689542
Декабрь 1951	5,595566033	3,277144733	7,772920496
Январь 1952	5,600974255	3,277144733	7,778328718
Февраль 1952	5,560989276	3,269568939	7,745919533
Март 1952	5,596419956	3,269568939	7,781350214
Апрель 1952	5,551524447	3,27336401	7,732659633
Май 1952	5,571925869	3,27336401	7,753061056
Июнь 1952	5,614076562	3,277144733	7,791431025
Июль 1952	5,633216939	3,284663565	7,80305257
Август 1952	5,616916542	3,284663565	7,786752173
Сентябрь 1952	5,60067867	3,284663565	7,770514301
Октябрь 1952	5,595566033	3,284663565	7,765401664
Ноябрь 1952	5,647776338	3,284663565	7,817611969
Декабрь 1952	5,676411278	3,284663565	7,846246909
Январь 1953	5,669087505	3,280911216	7,842675486
Февраль 1953	5,649924491	3,277144733	7,827278954
Март 1953	5,63432521	3,280911216	7,80791319
Апрель 1953	5,615861593	3,280911216	7,789449574
Май 1953	5,606830949	3,284663565	7,77666658
Июнь 1953	5,591956659	3,288401888	7,758053968
Июль 1953	5,618151962	3,288401888	7,784249271
Август 1953	5,565362964	3,292126287	7,727735874
Сентябрь 1953	5,576100607	3,292126287	7,738473517
Октябрь 1953	5,619712223	3,295836866	7,778374553
Ноябрь 1953	5,639670529	3,292126287	7,802043439
Декабрь 1953	5,637998734	3,292126287	7,800371644
Январь 1954	5,678088528	3,292126287	7,840461437
Февраль 1954	5,685414817	3,292126287	7,847787727
Март 1954	5,715414559	3,292126287	7,877787469
Апрель 1954	5,766225051	3,288401888	7,93232236
Май 1954	5,79145752	3,292126287	7,95383043
Июнь 1954	5,809732816	3,292126287	7,972105726
Июль 1954	5,851972568	3,292126287	8,014345478
Август 1954	5,816515745	3,292126287	7,978888655
Сентябрь 1954	5,887380994	3,288401888	8,053478303
Октябрь 1954	5,864028824	3,288401888	8,030126133
Ноябрь 1954	5,957830201	3,288401888	8,12392751
Декабрь 1954	6,002379759	3,284663565	8,17221539
Январь 1955	6,013299422	3,284663565	8,183135053
Февраль 1955	6,020707766	3,284663565	8,190543397
Март 1955	6,015425185	3,284663565	8,185260816
Апрель 1955	6,053617412	3,284663565	8,223453043
Май 1955	6,051759703	3,284663565	8,221595334
Июнь 1955	6,112309557	3,284663565	8,282145188
Июль 1955	6,143863694	3,288401888	8,309961003
Август 1955	6,148852837	3,288401888	8,314950146
Сентябрь 1955	6,145515222	3,292126287	8,307888132
Октябрь 1955	6,120011664	3,292126287	8,282384574
Ноябрь 1955	6,180554811	3,292126287	8,342927721
Декабрь 1955	6,191134742	3,288401888	8,357232051
Январь 1956	6,154305925	3,288401888	8,320403234
Февраль 1956	6,181361505	3,288401888	8,347458814
Март 1956	6,237914385	3,288401888	8,404011694
Апрель 1956	6,246339297	3,292126287	8,408712206
Май 1956	6,16971533	3,295836866	8,32837766
Июнь 1956	6,200062827	3,303216973	8,35134505
Июль 1956	6,24960838	3,310543013	8,393564563
Август 1956	6,218679798	3,306886702	8,366292292
Сентябрь 1956	6,163840981	3,310543013	8,307797164
Октябрь 1956	6,173473555	3,314186005	8,313786747
Ноябрь 1956	6,158630164	3,314186005	8,298943356
Декабрь 1956	6,213547536	3,317815773	8,35023096
Январь 1957	6,172034571	3,317815773	8,308717995
Февраль 1957	6,141219867	3,321432413	8,27428665
Март 1957	6,162914724	3,325036021	8,2923779
Апрель 1957	6,203263997	3,328626689	8,329136504
Май 1957	6,224419806	3,33220451	8,346714492
Июнь 1957	6,221166545	3,335769576	8,339896165
Июль 1957	6,231504546	3,342861805	8,343141938
Август 1957	6,182807786	3,342861805	8,294445178
Сентябрь 1957	6,123150488	3,342861805	8,23478788
Октябрь 1957	6,089135574	3,342861805	8,200772966
Ноябрь 1957	6,108958652	3,346389145	8,217068703
Декабрь 1957	6,076930981	3,346389145	8,185041033
Январь 1958	6,109292026	3,353406718	8,210384505
Февраль 1958	6,086592892	3,353406718	8,187685371
Март 1958	6,102021538	3,360375387	8,196145347
Апрель 1958	6,122185745	3,363841595	8,212843346
Май 1958	6,137078896	3,363841595	8,227736497
Июнь 1958	6,169987231	3,363841595	8,260644832
Июль 1958	6,220570289	3,36729583	8,307773656
Август 1958	6,231720837	3,363841595	8,322378438
Сентябрь 1958	6,276812648	3,363841595	8,367470249
Октябрь 1958	6,297514394	3,363841595	8,388171996
Ноябрь 1958	6,323390752	3,36729583	8,410594118
Декабрь 1958	6,369301488	3,363841595	8,459959089
Январь 1959	6,386811977	3,36729583	8,474015344
Февраль 1959	6,402746041	3,363841595	8,493403642
Март 1959	6,399775602	3,363841595	8,490433203
Апрель 1959	6,435749647	3,36729583	8,522953014
Май 1959	6,467372586	3,36729583	8,554575952
Июнь 1959	6,467077415	3,370738174	8,550838437
Июль 1959	6,514534897	3,374168709	8,594865384
Август 1959	6,498899429	3,374168709	8,579229916
Сентябрь 1959	6,448382937	3,377587516	8,525294617
Октябрь 1959	6,471727865	3,380994674	8,545232387
Ноябрь 1959	6,490996638	3,380994674	8,56450116
Декабрь 1959	6,521151179	3,380994674	8,594655701
Январь 1960	6,433936381	3,377587516	8,510848061
Февраль 1960	6,445910277	3,380994674	8,5194148
Март 1960	6,424204297	3,380994674	8,497708819
Апрель 1960	6,399758982	3,384390263	8,469867915
Май 1960	6,43855133	3,384390263	8,508660263
Июнь 1960	6,462436457	3,387774361	8,529161293
Июль 1960	6,424431327	3,387774361	8,491156162
Август 1960	6,439334397	3,387774361	8,506059232
Сентябрь 1960	6,363269454	3,387774361	8,429994289
Октябрь 1960	6,363648601	3,394508394	8,423639404
Ноябрь 1960	6,392285555	3,394508394	8,452276358
Декабрь 1960	6,423068376	3,394508394	8,483059179
Январь 1961	6,474199291	3,394508394	8,534190094
Февраль 1961	6,495386395	3,394508394	8,555377198
Март 1961	6,517124595	3,394508394	8,577115398
Апрель 1961	6,520193938	3,394508394	8,580184741
Май 1961	6,546383608	3,394508394	8,606374411
Июнь 1961	6,527899436	3,394508394	8,587890239
Июль 1961	6,558722488	3,401197382	8,612024303
Август 1961	6,579167875	3,39785848	8,635808591
Сентябрь 1961	6,552807414	3,401197382	8,606109229
Октябрь 1961	6,556664713	3,401197382	8,609966528
Ноябрь 1961	6,581470969	3,401197382	8,634772784
Декабрь 1961	6,59460496	3,401197382	8,647906775
Январь 1962	6,551080335	3,401197382	8,60438215
Февраль 1962	6,562514713	3,404525172	8,612488737
Март 1962	6,560959942	3,404525172	8,610933967
Апрель 1962	6,500283158	3,407841924	8,54694043
Май 1962	6,418952039	3,407841924	8,465609311
Июнь 1962	6,33021989	3,407841924	8,376877162
Июль 1962	6,39347369	3,411147713	8,436825174
Август 1962	6,412113791	3,411147713	8,455465275
Сентябрь 1962	6,361267935	3,414442608	8,401324523
Октябрь 1962	6,37973263	3,414442608	8,419789218
Ноябрь 1962	6,47589486	3,414442608	8,515951448
Декабрь 1962	6,480197924	3,414442608	8,520254512
Январь 1963	6,526275216	3,414442608	8,566331804
Февраль 1963	6,496684488	3,414442608	8,536741076
Март 1963	6,525791831	3,417726684	8,562564344
Апрель 1963	6,576051654	3,417726684	8,612824167
Май 1963	6,588871455	3,417726684	8,625643968
Июнь 1963	6,56086092	3,421000009	8,594360108
Июль 1963	6,544530359	3,424262655	8,574766901
Август 1963	6,592112593	3,424262655	8,622349135
Сентябрь 1963	6,596859167	3,424262655	8,627095709
Октябрь 1963	6,627022339	3,42751469	8,654006845
Ноябрь 1963	6,6207663	3,42751469	8,647750806
Декабрь 1963	6,637192498	3,430756184	8,660935511
Январь 1964	6,666116745	3,430756184	8,689859758
Февраль 1964	6,684786712	3,430756184	8,708529725
Март 1964	6,70108775	3,430756184	8,724830762
Апрель 1964	6,697984413	3,430756184	8,721727426
Май 1964	6,709987034	3,430756184	8,733730047
Июнь 1964	6,723231299	3,433987204	8,743743291
Июль 1964	6,734710559	3,437207819	8,752001936
Август 1964	6,731590729	3,433987204	8,752102721
Сентябрь 1964	6,774646654	3,437207819	8,791938031
Октябрь 1964	6,77202719	3,437207819	8,789318567
Ноябрь 1964	6,774715194	3,440418095	8,788796296
Декабрь 1964	6,773229106	3,440418095	8,787310208
Январь 1965	6,805567503	3,440418095	8,819648604
Февраль 1965	6,806253974	3,440418095	8,820335075
Март 1965	6,790153477	3,443618098	8,801034576
Апрель 1965	6,826881393	3,446807893	8,834572696
Май 1965	6,822240963	3,446807893	8,829932266
Июнь 1965	6,766226276	3,453157121	8,767568352
Июль 1965	6,781897228	3,453157121	8,783239304
Август 1965	6,794698557	3,453157121	8,796040633
Сентябрь 1965	6,835808048	3,453157121	8,837150124
Октябрь 1965	6,867787087	3,456316681	8,865969602
Ноябрь 1965	6,852992816	3,456316681	8,851175332
Декабрь 1965	6,876532894	3,45946629	8,8715658
Январь 1966	6,891127806	3,45946629	8,886160712
Февраль 1966	6,858449482	3,465735903	8,847212776
Март 1966	6,829545058	3,46885603	8,815188224
Апрель 1966	6,839133767	3,47506723	8,818565733
Май 1966	6,784536245	3,47506723	8,763968211
Июнь 1966	6,768608148	3,478158423	8,744948921
Июль 1966	6,742149236	3,481240089	8,715408343
Август 1966	6,670018259	3,487375078	8,637142378
Сентябрь 1966	6,651856071	3,487375078	8,61898019
Октябрь 1966	6,693410406	3,493472658	8,654436944
Ноябрь 1966	6,674043581	3,493472658	8,63507012
Декабрь 1966	6,666562313	3,493472658	8,627588851
Январь 1967	6,745106929	3,493472658	8,706133468
Февраль 1967	6,73265161	3,493472658	8,693678149
Март 1967	6,763861814	3,496507561	8,721853449
Апрель 1967	6,799111602	3,499533282	8,754077516
Май 1967	6,748243588	3,502549876	8,700192908
Июнь 1967	6,757234669	3,505557397	8,706176469
Июль 1967	6,807094812	3,5085559	8,753038108
Август 1967	6,80382707	3,511545439	8,746780828
Сентябрь 1967	6,831586724	3,514526067	8,771559853
Октябрь 1967	6,779626409	3,517497837	8,716627768
Ноябрь 1967	6,775149172	3,520460802	8,709187566
Декабрь 1967	6,808056483	3,523415014	8,739140665
Январь 1968	6,751651026	3,529297384	8,676852838
Февраль 1968	6,733996953	3,532225644	8,656270505
Март 1968	6,734199193	3,535145354	8,653553035
Апрель 1968	6,815881189	3,538056564	8,732323821
Май 1968	6,801283034	3,540959324	8,714822907
Июнь 1968	6,799947326	3,546739687	8,707706836
Июль 1968	6,783325201	3,552486829	8,685337568
Август 1968	6,797951574	3,555348061	8,697102709
Сентябрь 1968	6,841391092	3,55820113	8,737689158
Октябрь 1968	6,858974615	3,563882964	8,749590847
Ноябрь 1968	6,892722856	3,56671182	8,780510232
Декабрь 1968	6,849861301	3,569532696	8,734827801
Январь 1969	6,852295422	3,572345638	8,73444898
Февраль 1969	6,808166961	3,577947893	8,684718264
Март 1969	6,841059767	3,586292865	8,709266098
Апрель 1969	6,85665144	3,591817741	8,719332896
Май 1969	6,843280756	3,594568775	8,703211178
Июнь 1969	6,772153172	3,60004824	8,626604129
Июль 1969	6,703764634	3,605497845	8,552765985
Август 1969	6,729489486	3,610917913	8,57307077
Сентябрь 1969	6,700841805	3,61361697	8,541724031
Октябрь 1969	6,752258694	3,618993327	8,587764564
Ноябрь 1969	6,69986973	3,624340933	8,530027994
Декабрь 1969	6,685061626	3,629660094	8,509900728
Январь 1970	6,612121677	3,632309103	8,434311771
Февраль 1970	6,656199393	3,63758616	8,47311243
Март 1970	6,666409569	3,642835516	8,47807325
Апрель 1970	6,601325223	3,650658241	8,405166178
Май 1970	6,551708709	3,653252276	8,352955629
Июнь 1970	6,527270547	3,658420247	8,323349497
Июль 1970	6,598672503	3,663561646	8,389610053
Август 1970	6,639326663	3,663561646	8,430264214
Сентябрь 1970	6,63421277	3,668676747	8,42003522
Октябрь 1970	6,62752537	3,673765816	8,40825875
Ноябрь 1970	6,677196805	3,678829118	8,452866883
Декабрь 1970	6,73211535	3,683866912	8,502747634
Январь 1971	6,766767586	3,683866912	8,53739987
Февраль 1971	6,778591477	3,686376324	8,54671435
Март 1971	6,807238569	3,688879454	8,572858311
Апрель 1971	6,847739847	3,691376334	8,610862709
Май 1971	6,811035106	3,696351469	8,569182833
Июнь 1971	6,792501542	3,703768067	8,543232672
Июль 1971	6,755105139	3,706228092	8,503376243
Август 1971	6,800248016	3,708682081	8,546065131
Сентябрь 1971	6,788059165	3,708682081	8,53387628
Октябрь 1971	6,732210706	3,711130063	8,47557984
Ноябрь 1971	6,723038857	3,711130063	8,46640799
Декабрь 1971	6,791446157	3,716008122	8,529937232
Январь 1972	6,804802972	3,716008122	8,543294047
Февраль 1972	6,833171809	3,7208625	8,566808506
Март 1972	6,846624279	3,723280881	8,577842595
Апрель 1972	6,860841853	3,725693427	8,589647622
Май 1972	6,867683003	3,728100167	8,594082033
Июнь 1972	6,834141031	3,730501129	8,558139099
Июль 1972	6,829512617	3,735285827	8,548725986
Август 1972	6,870811172	3,737669618	8,587640751
Сентябрь 1972	6,859898179	3,740047741	8,574349635
Октябрь 1972	6,862255695	3,744787086	8,571967805
Ноябрь 1972	6,925801463	3,747148362	8,633152297
Декабрь 1972	6,927577514	3,749504076	8,632572634
Январь 1973	6,906774798	3,751854253	8,609419742
Февраль 1973	6,861784636	3,758871826	8,557412007
Март 1973	6,857524578	3,768152635	8,543871139
Апрель 1973	6,825926811	3,77505715	8,505368857
Май 1973	6,803960204	3,78191432	8,47654508
Июнь 1973	6,793140968	3,788724789	8,458915375
Июль 1973	6,831306107	3,790984677	8,494820626
Август 1973	6,788487391	3,808882247	8,434104341
Сентябрь 1973	6,853404684	3,811097087	8,496806794
Октябрь 1973	6,863364424	3,819907717	8,497955904
Ноябрь 1973	6,712044485	3,826465117	8,340078564
Декабрь 1973	6,746247603	3,832979798	8,367767001
Январь 1974	6,751744537	3,841600541	8,364643192
Февраль 1974	6,757548478	3,854393893	8,357653782
Март 1974	6,741322819	3,867025639	8,328796376
Апрель 1974	6,72952534	3,871201011	8,312823526
Май 1974	6,687320555	3,883623531	8,258196221
Июнь 1974	6,687619699	3,891820298	8,250298598
Июль 1974	6,629931124	3,899950424	8,184479896
Август 1974	6,520002379	3,912023005	8,062478571
Сентябрь 1974	6,409961043	3,923951576	7,940508663
Октябрь 1974	6,50056869	3,933784497	8,021283389
Ноябрь 1974	6,427555849	3,941581808	7,940473238
Декабрь 1974	6,423636498	3,94931879	7,928816904
Январь 1975	6,556337918	3,953164949	8,057672166
Февраль 1975	6,605365578	3,96081317	8,099051605
Март 1975	6,643985027	3,964615456	8,133868768
Апрель 1975	6,710937153	3,968403339	8,19703301
Май 1975	6,724180938	3,974058396	8,204621738
Июнь 1975	6,778773521	3,981549068	8,251723649
Июль 1975	6,723243325	3,992680908	8,185061613
Август 1975	6,727838828	3,994524227	8,187813797
Сентябрь 1975	6,676932316	4,000033883	8,13139763
Октябрь 1975	6,728676459	4,005513349	8,177662307
Ноябрь 1975	6,757711156	4,012772909	8,199437444
Декабрь 1975	6,748067632	4,016383021	8,186183807
Январь 1976	6,882724609	4,018183201	8,319040604
Февраль 1976	6,87998318	4,021773869	8,312708507
Март 1976	6,907205128	4,02356438	8,338139944
Апрель 1976	6,904600307	4,027135813	8,331963691
Май 1976	6,882673341	4,034240638	8,302931899
Июнь 1976	6,910531422	4,039536326	8,325494293
Июль 1976	6,892276092	4,044804117	8,301971172
Август 1976	6,881144328	4,050044303	8,285599221
Сентябрь 1976	6,897896844	4,053522568	8,298873473
Октябрь 1976	6,87205556	4,058717385	8,267837372
Ноябрь 1976	6,853531379	4,060443011	8,247587565
Декабрь 1976	6,912394501	4,063885355	8,303008343
Январь 1977	6,861051437	4,069026754	8,246523879
Февраль 1977	6,842064094	4,079230924	8,217332366
Март 1977	6,82342757	4,085976313	8,191950454
Апрель 1977	6,831845685	4,094344562	8,192000319
Май 1977	6,800904765	4,099332104	8,156071858
Июнь 1977	6,820343822	4,105943698	8,16889932
Июль 1977	6,791300111	4,110873864	8,134925444
Август 1977	6,758663448	4,11414719	8,099015455
Сентябрь 1977	6,741830556	4,117409835	8,078919918
Октябрь 1977	6,707290118	4,120661871	8,041127444
Ноябрь 1977	6,72106419	4,12552018	8,050043206
Декабрь 1977	6,722834347	4,128745989	8,048587554
Январь 1978	6,646286613	4,135166557	7,965619253
Февраль 1978	6,609510955	4,141546164	7,922463988
Март 1978	6,629838702	4,149463861	7,934874037
Апрель 1978	6,730206315	4,157319361	8,02738615
Май 1978	6,734127819	4,166665224	8,021961791
Июнь 1978	6,708023032	4,177459469	7,985062759
Июль 1978	6,759568447	4,185098925	8,028968718
Август 1978	6,776301726	4,189654742	8,041146181
Сентябрь 1978	6,763677035	4,197201948	8,020974284
Октябрь 1978	6,675129412	4,206184044	7,923444565
Ноябрь 1978	6,683398492	4,210645018	7,927252671
Декабрь 1978	6,6908547	4,21508618	7,930267716
Январь 1979	6,732472889	4,223909767	7,963062319
Февраль 1979	6,695576395	4,235554731	7,914520861
Март 1979	6,759464066	4,24563401	7,968329252
Апрель 1979	6,750984503	4,257030144	7,948453555
Май 1979	6,712141774	4,26969745	7,896943521
Июнь 1979	6,735756261	4,280824129	7,909431328
Июль 1979	6,74101569	4,291828367	7,90368652
Август 1979	6,788554989	4,301358732	7,941695454
Сентябрь 1979	6,778306968	4,312140507	7,920665657
Октябрь 1979	6,70404664	4,320151231	7,838394606
Ноябрь 1979	6,712166095	4,329416684	7,837248607
Декабрь 1979	6,731864997	4,339901708	7,846462485
Январь 1980	6,775194843	4,354141431	7,875552609
Февраль 1980	6,760576903	4,368181228	7,846894871
Март 1980	6,666638676	4,383275854	7,737862018
Апрель 1980	6,705712532	4,394449155	7,765762573
Май 1980	6,74623585	4,404277244	7,796457803
Июнь 1980	6,766099545	4,415219602	7,805379139
Июль 1980	6,840888717	4,415219602	7,880168311
Август 1980	6,837965662	4,422448549	7,870016309
Сентябрь 1980	6,837783357	4,430816799	7,861465755
Октябрь 1980	6,829242234	4,440295543	7,843445888
Ноябрь 1980	6,901073002	4,448516376	7,907055823
Декабрь 1980	6,871080921	4,457829598	7,86775052
Январь 1981	6,853584163	4,465908119	7,842175241
Февраль 1981	6,882006609	4,476199805	7,860306001
Март 1981	6,91161781	4,483002552	7,883114454
Апрель 1981	6,905502744	4,489759334	7,870242606
Май 1981	6,899471059	4,497584975	7,856385281
Июнь 1981	6,88436382	4,506454213	7,832408803
Июль 1981	6,858922114	4,517431272	7,795990039
Август 1981	6,781590968	4,525044142	7,711046023
Сентябрь 1981	6,74521282	4,534747722	7,664964295
Октябрь 1981	6,748231858	4,536891345	7,66583971
Ноябрь 1981	6,790074738	4,540098189	7,704475745
Декабрь 1981	6,774223886	4,543294782	7,685428301
Январь 1982	6,769756781	4,54648119	7,677774788
Февраль 1982	6,714643719	4,549657476	7,619485439
Март 1982	6,712676696	4,548599834	7,618576058
Апрель 1982	6,743305074	4,552823706	7,644980565
Май 1982	6,708743207	4,562262685	7,600979719
Июнь 1982	6,69941413	4,574710979	7,579202348
Июль 1982	6,695304357	4,579852378	7,569951176
Август 1982	6,803849261	4,581901559	7,676446898
Сентябрь 1982	6,798219392	4,58394655	7,668772039
Октябрь 1982	6,899440809	4,587006215	7,76693379
Ноябрь 1982	6,946283445	4,584967479	7,815815162
Декабрь 1982	6,953244764	4,580877493	7,826866467
Январь 1983	6,980726891	4,582924577	7,852301511
Февраль 1983	7,014472873	4,58394655	7,88502552
Март 1983	7,02999946	4,58394655	7,900552107
Апрель 1983	7,111675235	4,591071262	7,97510317
Май 1983	7,090060169	4,597138014	7,947421351
Июнь 1983	7,108211406	4,600157644	7,962552958
Июль 1983	7,089426624	4,604169686	7,939756135
Август 1983	7,103453633	4,607168189	7,950784641
Сентябрь 1983	7,117310932	4,6121458	7,959664328
Октябрь 1983	7,110859375	4,615120517	7,950238055
Ноябрь 1983	7,151501138	4,617098757	7,988901577
Декабрь 1983	7,137787052	4,618086411	7,974199837
Январь 1984	7,107081435	4,62399194	7,937588691
Февраль 1984	7,051552547	4,628886713	7,877165031
Март 1984	7,060381941	4,630837933	7,884043205
Апрель 1984	7,065399848	4,635699391	7,884199654
Май 1984	7,007464858	4,638604962	7,823359093
Июнь 1984	7,032094553	4,641502115	7,845091634
Июль 1984	7,016860773	4,645351976	7,826007994
Август 1984	7,110189872	4,649187071	7,915501997
Сентябрь 1984	7,095677788	4,65396035	7,896216634
Октябрь 1984	7,096208002	4,656813419	7,893893779
Ноябрь 1984	7,080817433	4,656813419	7,87850321
Декабрь 1984	7,099672318	4,656813419	7,897358096
Январь 1985	7,159890481	4,658710953	7,955678725
Февраль 1985	7,157743272	4,663439094	7,948803375
Март 1985	7,144233527	4,667205577	7,931527146
Апрель 1985	7,137326131	4,671893818	7,919931509
Май 1985	7,181903683	4,67562865	7,96077423
Июнь 1985	7,197031081	4,678420648	7,97310963
Июль 1985	7,205969196	4,680277658	7,980190734
Август 1985	7,195944723	4,682131227	7,968312692
Сентябрь 1985	7,191903615	4,684905154	7,961497658
Октябрь 1985	7,225707066	4,688591794	7,991614468
Ноябрь 1985	7,294465611	4,691347882	8,057616925
Декабрь 1985	7,343859512	4,694096395	8,104262313
Январь 1986	7,359461273	4,696837375	8,117123095
Февраль 1986	7,443698791	4,694096395	8,204101592
Март 1986	7,505827752	4,689511334	8,270815614
Апрель 1986	7,486602102	4,687671407	8,253429891
Май 1986	7,537275523	4,69043003	8,301344689
Июнь 1986	7,545770227	4,695924549	8,304344874
Июль 1986	7,481730335	4,695924549	8,240304982
Август 1986	7,548735099	4,697749367	8,305484928
Сентябрь 1986	7,477366658	4,702296897	8,229568958
Октябрь 1986	7,537861483	4,703203926	8,289156753
Ноябрь 1986	7,557070732	4,704110134	8,307459795
Декабрь 1986	7,547475311	4,705015521	8,296958987
Январь 1987	7,676955681	4,711330382	8,420124496
Февраль 1987	7,707058159	4,71492105	8,446636305
Март 1987	7,742701456	4,71939133	8,477809323
Апрель 1987	7,734716312	4,724729421	8,464486088
Май 1987	7,736992451	4,728272383	8,463219265
Июнь 1987	7,790915197	4,731802837	8,513611556
Июль 1987	7,852466301	4,734442522	8,572522976
Август 1987	7,88718981	4,739701079	8,601987927
Сентябрь 1987	7,86183493	4,744932128	8,571401998
Октябрь 1987	7,597662216	4,747537427	8,304623985
Ноябрь 1987	7,514009257	4,748404354	8,2201041
Декабрь 1987	7,569839977	4,748404354	8,27593482
Январь 1988	7,579791176	4,751000634	8,283289739
Февраль 1988	7,636086189	4,753590191	8,336995194
Март 1988	7,594914568	4,757891273	8,291522491
Апрель 1988	7,616938197	4,763028271	8,308409123
Май 1988	7,616342644	4,766438334	8,304403507
Июнь 1988	7,669359854	4,770684624	8,353174426
Июль 1988	7,663280837	4,774912961	8,342867073
Август 1988	7,61660355	4,779123493	8,291979253
Сентябрь 1988	7,655821423	4,785823686	8,324496934
Октябрь 1988	7,672595017	4,789157022	8,337937191
Ноябрь 1988	7,656578386	4,789988623	8,32108896
Декабрь 1988	7,681823243	4,791649753	8,344672687
Январь 1989	7,75889717	4,796616651	8,416779716
Февраль 1989	7,722407449	4,80073697	8,376169676
Март 1989	7,737886634	4,806477043	8,385908788
Апрель 1989	7,791026828	4,812997033	8,432528992
Май 1989	7,816074321	4,81866736	8,451906157
Июнь 1989	7,799777908	4,821087692	8,433189412
Июль 1989	7,886329491	4,82350218	8,517326507
Август 1989	7,914716352	4,825108606	8,544106942
Сентябрь 1989	7,898344251	4,828313737	8,52452971
Октябрь 1989	7,88045659	4,833102254	8,501853532
Ноябрь 1989	7,903326582	4,835487941	8,522337837
Декабрь 1989	7,920519151	4,837075243	8,537943104
Январь 1990	7,859621627	4,847331743	8,466789081
Февраль 1990	7,873692951	4,852030264	8,476161883
Март 1990	7,903673863	4,857484115	8,500688945
Апрель 1990	7,884862614	4,85903691	8,480324901
Май 1990	7,964385178	4,861361591	8,557522783
Июнь 1990	7,965785128	4,866764924	8,553519401
Июль 1990	7,974257514	4,870606649	8,558150061
Август 1990	7,868774605	4,879767019	8,443506782
Сентябрь 1990	7,804855036	4,888090941	8,371263292
Октябрь 1990	7,800707781	4,894101478	8,361105499
Ноябрь 1990	7,847625809	4,896346148	8,405778858
Декабрь 1990	7,876129793	4,896346148	8,434282842
Январь 1991	7,914394812	4,902307417	8,466586592
Февраль 1991	7,966302231	4,903792198	8,517009229
Март 1991	7,977233942	4,905274778	8,52645836
Апрель 1991	7,968274485	4,906755164	8,516018518
Май 1991	8,015492475	4,909709376	8,560282296
Июнь 1991	7,974790898	4,912654886	8,516635208
Июль 1991	8,014606865	4,914124394	8,554981667
Август 1991	8,020796304	4,917056947	8,558238554
Сентябрь 1991	8,011942002	4,921439715	8,545001483
Октябрь 1991	8,029139638	4,92289638	8,560742455
Ноябрь 1991	7,970629848	4,925803359	8,499325686
Декабрь 1991	8,061117714	4,926528785	8,589088125
Январь 1992	8,07818888	4,92797806	8,604710016
Февраль 1992	8,091832472	4,931592087	8,614739581
Март 1992	8,081929482	4,936629881	8,599798798
Апрель 1992	8,119434314	4,938064601	8,635868909
Май 1992	8,130612642	4,939497266	8,645614572
Июнь 1992	8,107274179	4,943069975	8,618703401
Июль 1992	8,129699623	4,945207489	8,638991331
Август 1992	8,08866926	4,948050419	8,595118038
Сентябрь 1992	8,09305278	4,95088529	8,596666687
Октябрь 1992	8,07908505	4,954417614	8,579166632
Ноябрь 1992	8,103240163	4,955827058	8,601912301
Декабрь 1992	8,102014055	4,955122584	8,601390667
Январь 1993	8,104712532	4,960043508	8,59916822
Февраль 1993	8,122908351	4,963543687	8,61386386
Март 1993	8,141804227	4,967031657	8,629271767
Апрель 1993	8,139600999	4,9698133	8,624286896
Май 1993	8,168324839	4,971201225	8,651622811
Июнь 1993	8,165102012	4,972587226	8,647013982
Июль 1993	8,171732277	4,972587226	8,653644247
Август 1993	8,202824854	4,97535348	8,68197057
Сентябрь 1993	8,176144097	4,97742316	8,653220134
Октябрь 1993	8,210828344	4,981549713	8,683777828
Ноябрь 1993	8,211740825	4,98223582	8,684004202
Декабрь 1993	8,230601191	4,98223582	8,702864568
Январь 1994	8,288624953	4,984975547	8,758148602
Февраль 1994	8,251147358	4,988389685	8,71725687
Март 1994	8,198628454	4,991792206	8,661335444
Апрель 1994	8,211127165	4,99314998	8,672476382
Май 1994	8,231740632	4,993828176	8,692411652
Июнь 1994	8,195598533	4,997212274	8,652885455
Июль 1994	8,233370329	4,999911331	8,687958195
Август 1994	8,272166951	5,003946306	8,722719842
Сентябрь 1994	8,25405803	5,006627273	8,701929954
Октябрь 1994	8,270811719	5,007296393	8,718014523
Ноябрь 1994	8,226634987	5,008633291	8,672500892
Декабрь 1994	8,25177868	5,008633291	8,697644585
Январь 1995	8,254232349	5,012633297	8,696098249
Февраль 1995	8,296808331	5,016617366	8,734690162
Март 1995	8,332714911	5,019925341	8,767288766
Апрель 1995	8,37130462	5,02322241	8,802581406
Май 1995	8,404055848	5,025195445	8,833359599
Июнь 1995	8,424222273	5,027164596	8,851556874
Июль 1995	8,457118293	5,027164596	8,884452894
Август 1995	8,436104604	5,029784113	8,860819687
Сентябрь 1995	8,474093605	5,031744257	8,896848544
Октябрь 1995	8,467052916	5,035002651	8,886549462
Ноябрь 1995	8,531981306	5,034351821	8,952128682
Декабрь 1995	8,54034706	5,033700567	8,961145689
Январь 1996	8,593283483	5,039546638	9,008236042
Февраль 1996	8,609885402	5,042779747	9,021604851
Март 1996	8,628222807	5,047931079	9,034790925
Апрель 1996	8,624985149	5,051777237	9,027707108
Май 1996	8,638203015	5,053694784	9,039007428
Июнь 1996	8,640229958	5,054333149	9,040396005
Июль 1996	8,617745968	5,056245805	9,01599936
Август 1996	8,633412338	5,05815481	9,029756725
Сентябрь 1996	8,67968102	5,061328408	9,072851808
Октябрь 1996	8,704399465	5,064491967	9,094406695
Ноябрь 1996	8,782890357	5,066385309	9,171004244
Декабрь 1996	8,771567157	5,066385309	9,159681044
Январь 1997	8,826601041	5,069532935	9,211567302
Февраль 1997	8,836045389	5,072670685	9,2178739
Март 1997	8,79231876	5,075173815	9,171644141
Апрель 1997	8,85494889	5,076423035	9,233025052
Май 1997	8,899872667	5,07579862	9,278573244
Июнь 1997	8,945435583	5,07704706	9,32288772
Июль 1997	9,015129301	5,078293943	9,391334555
Август 1997	8,938849184	5,080161357	9,313187023
Сентябрь 1997	8,980330803	5,08264583	9,35218417
Октябрь 1997	8,914905659	5,085124146	9,284280709
Ноябрь 1997	8,964840009	5,084505143	9,334834063
Декабрь 1997	8,975661797	5,083265985	9,346895009
Январь 1998	8,975440485	5,085124146	9,344815535
Февраль 1998	9,053185852	5,086978861	9,420706188
Март 1998	9,082485409	5,088830142	9,448154464
Апрель 1998	9,111996295	5,090678002	9,475817489
Май 1998	9,093800938	5,092522454	9,455777681
Июнь 1998	9,099634484	5,093750201	9,46038348
Июль 1998	9,091927263	5,094976443	9,451450017
Август 1998	8,927854111	5,096201182	9,286152125
Сентябрь 1998	8,967328241	5,097424424	9,324403014
Октябрь 1998	9,058598455	5,099866428	9,413231224
Ноябрь 1998	9,117846722	5,099866428	9,472479491
Декабрь 1998	9,124938245	5,099256486	9,480180956
Январь 1999	9,144075562	5,101694025	9,496880733
Февраль 1999	9,138476956	5,10291057	9,490065582
Март 1999	9,188724422	5,105945474	9,537278144
Апрель 1999	9,286286083	5,113191882	9,627593397
Май 1999	9,264803936	5,113191882	9,60611125
Июнь 1999	9,302992477	5,113191882	9,644299791
Июль 1999	9,273798622	5,11619579	9,612102029
Август 1999	9,290008856	5,118592436	9,625915617
Сентябрь 1999	9,243480134	5,123368564	9,574610766
Октябрь 1999	9,280785788	5,125153748	9,610131237
Ноябрь 1999	9,294480213	5,125748101	9,623231309
Декабрь 1999	9,349851848	5,125748101	9,678602943
Январь 2000	9,300229521	5,128714582	9,626014135
Февраль 2000	9,223089752	5,134621274	9,542967675
Март 2000	9,298527058	5,142832464	9,610193791
Апрель 2000	9,281163168	5,143416405	9,592245959
Май 2000	9,261254945	5,144583267	9,571170875
Июнь 2000	9,254155323	5,149817358	9,558837161
Июль 2000	9,261221682	5,152134856	9,563586022
Август 2000	9,325016364	5,152134856	9,627380704
Сентябрь 2000	9,273401552	5,157329673	9,570571076
Октябрь 2000	9,303023468	5,159055299	9,598467365
Ноябрь 2000	9,250953385	5,159629847	9,545822734
Декабрь 2000	9,286083079	5,159055299	9,581526976
Январь 2001	9,295357762	5,165357239	9,584499719
Февраль 2001	9,258680911	5,169346985	9,543833122
Март 2001	9,198144301	5,171619714	9,481023784
Апрель 2001	9,281261916	5,175584601	9,560176511
Май 2001	9,297612882	5,180096735	9,572015343
Июнь 2001	9,259359081	5,18178355	9,532074728
Июль 2001	9,261300561	5,178970609	9,536829148
Август 2001	9,205302704	5,178970609	9,480831292
Сентябрь 2001	9,087896994	5,183467525	9,358928665
Октябрь 2001	9,113294086	5,180096735	9,387696547
Ноябрь 2001	9,195385097	5,17840707	9,471477224
Декабрь 2001	9,212488064	5,174453379	9,492533881
Январь 2002	9,2023082	5,176714545	9,480092852
Февраль 2002	9,220897449	5,180659323	9,494737323
Март 2002	9,24993986	5,186267863	9,518171193
Апрель 2002	9,204947858	5,191845122	9,467601933
Май 2002	9,202837294	5,191845122	9,465491369
Июнь 2002	9,131649916	5,192401141	9,393747972
Июль 2002	9,075275232	5,193512252	9,336262177
Август 2002	9,066874077	5,196838198	9,324535076
Сентябрь 2002	8,93484112	5,198497031	9,190843285
Октябрь 2002	9,035633351	5,200153118	9,28997943
Ноябрь 2002	9,093367133	5,200153118	9,347713212
Декабрь 2002	9,02901392	5,197944392	9,285568724
Январь 2003	8,99390055	5,202356975	9,246042771
Февраль 2003	8,973488287	5,210032452	9,217955031
Март 2003	8,986212586	5,216022124	9,224689659
Апрель 2003	9,045476342	5,21384821	9,286127328
Май 2003	9,088202116	5,212214667	9,330486645
Июнь 2003	9,103360769	5,213303992	9,344555973
Июль 2003	9,130625944	5,214392132	9,370733009
Август 2003	9,150146532	5,218191322	9,386454407
Сентябрь 2003	9,135084356	5,221436322	9,368147231
Октябрь 2003	9,190251944	5,220355825	9,424395315
Ноябрь 2003	9,18834831	5,217649463	9,425198043
Декабрь 2003	9,254732307	5,216564865	9,492666638
Январь 2004	9,2579937	5,221436322	9,491056574
Февраль 2004	9,267091147	5,226821365	9,494768979
Март 2004	9,245485483	5,23324537	9,46673931
Апрель 2004	9,232646725	5,236441963	9,450703959
Май 2004	9,229010005	5,242275976	9,441233226
Июнь 2004	9,252966817	5,245443877	9,462022137
Июль 2004	9,224214677	5,243861181	9,434852693
Август 2004	9,227582862	5,244389025	9,437693034
Сентябрь 2004	9,218335327	5,246497618	9,426336906
Октябрь 2004	9,213083606	5,251749731	9,415833072
Ноябрь 2004	9,252251693	5,252273428	9,454477461
Декабрь 2004	9,285727026	5,248601774	9,491624448
Январь 2005	9,258171982	5,250701513	9,461969666
Февраль 2005	9,284169662	5,256453162	9,482215696
Март 2005	9,259488567	5,264243386	9,449744378
Апрель 2005	9,229408416	5,27094617	9,412961443
Май 2005	9,256028587	5,269917892	9,440609892
Июнь 2005	9,23746612	5,270432163	9,421533153
Июль 2005	9,272461286	5,27504874	9,451911742
Август 2005	9,257376618	5,280153396	9,431722419
Сентябрь 2005	9,265652082	5,292299294	9,427851984
Октябрь 2005	9,253406566	5,294309345	9,413596418
Ноябрь 2005	9,287844784	5,286244785	9,456099195
Декабрь 2005	9,279633198	5,282187985	9,45194441
Январь 2006	9,28960062	5,289781036	9,454318781
Февраль 2006	9,305051281	5,29179615	9,467754328
Март 2006	9,315539675	5,297316866	9,472722005
Апрель 2006	9,338482016	5,305789381	9,487191831
Май 2006	9,320835582	5,310739887	9,464594892
Июнь 2006	9,319214508	5,312713247	9,461000457
Июль 2006	9,322389668	5,315666005	9,461222859
Август 2006	9,339713757	5,317629678	9,476583276
Сентябрь 2006	9,36555363	5,312713247	9,50733958
Октябрь 2006	9,3993669	5,307277108	9,546588989
Ноябрь 2006	9,410987158	5,305789381	9,559696973
Декабрь 2006	9,430531569	5,307277108	9,577753658
Январь 2007	9,443172042	5,310324986	9,587346252
Февраль 2007	9,414800877	5,315661091	9,553638983
Март 2007	9,421763507	5,32472558	9,551537123
Апрель 2007	9,477532196	5,331200733	9,600830659
Май 2007	9,519855362	5,337292857	9,637061701
Июнь 2007	9,503653063	5,339228957	9,618923302
Июль 2007	9,48888003	5,338974547	9,604404679
Август 2007	9,499851271	5,337138962	9,617211506
Сентябрь 2007	9,539329681	5,339891078	9,653937799
Октябрь 2007	9,541800785	5,342027985	9,654271996
Ноябрь 2007	9,500897308	5,347950033	9,607446472
Декабрь 2007	9,492870697	5,347278945	9,600090949
Январь 2008	9,445440952	5,352237209	9,54770294
Февраль 2008	9,414618281	5,355137112	9,513980365
Март 2008	9,414332908	5,363767972	9,505064133
Апрель 2008	9,458771871	5,369814433	9,543456634
Май 2008	9,444488747	5,378200061	9,520787883
Июнь 2008	9,336973904	5,388226624	9,403246476
Июль 2008	9,339438703	5,393463897	9,400474003
Август 2008	9,353882118	5,389464347	9,418916968
Сентябрь 2008	9,291981187	5,388080371	9,358400012
Октябрь 2008	9,141732783	5,377927673	9,218304307
Ноябрь 2008	9,085801567	5,358588985	9,181711779
Декабрь 2008	9,07982044	5,348192656	9,186126981
Январь 2009	8,987304315	5,352535629	9,089267882
Февраль 2009	8,862615259	5,357496238	8,959618217
Март 2009	8,937076522	5,359925034	9,031650684
Апрель 2009	9,007994051	5,362418292	9,100074956
Май 2009	9,047860265	5,365302891	9,13705657
Июнь 2009	9,041566628	5,3738561	9,122209724
Июль 2009	9,123868122	5,372269255	9,206098064
Август 2009	9,158655422	5,374509594	9,238645025
Сентябрь 2009	9,181146343	5,375134879	9,260510661
Октябрь 2009	9,181192675	5,376097517	9,259594355
Ноябрь 2009	9,244243124	5,37680502	9,321937301
Декабрь 2009	9,25225457	5,375042269	9,331711498
Январь 2010	9,217050807	5,378453916	9,293096087
Февраль 2010	9,242348599	5,378703092	9,318144703
Март 2010	9,292531232	5,382800968	9,364229461
Апрель 2010	9,306432973	5,384536346	9,376395823
Май 2010	9,223910875	5,385311243	9,293098828
Июнь 2010	9,187483124	5,384334499	9,257647821
Июль 2010	9,255881454	5,38454552	9,32583513
Август 2010	9,21181129	5,385925232	9,280385254
Сентябрь 2010	9,286194319	5,386506799	9,354186716
Октябрь 2010	9,316356673	5,387751224	9,383104645
Ноябрь 2010	9,306197675	5,388171782	9,37252509
Декабрь 2010	9,356819702	5,389888748	9,421430151
Январь 2011	9,383615298	5,394640669	9,443473825
Февраль 2011	9,41134792	5,399559915	9,466287201
Март 2011	9,418957321	5,409263752	9,464192766
Апрель 2011	9,458023549	5,415682537	9,496840208
Май 2011	9,439051595	5,420375695	9,473175097
Июнь 2011	9,426607535	5,419304154	9,461802578
Июль 2011	9,404527915	5,420189807	9,438837305
Август 2011	9,359926077	5,422943601	9,391481673
Сентябрь 2011	9,297744838	5,424460911	9,327783124
Октябрь 2011	9,388905716	5,422396098	9,421008815
Ноябрь 2011	9,396461368	5,421552181	9,429408384
Декабрь 2011	9,41062954	5,419082618	9,446046119
Январь 2012	9,444060593	5,423473157	9,475086633
Февраль 2012	9,4690109	5,427866465	9,495643631
Март 2012	9,488883814	5,435432331	9,50795068
Апрель 2012	9,489004152	5,438448806	9,505054542
Май 2012	9,424923386	5,437274637	9,442147945
Июнь 2012	9,463437987	5,435807164	9,482130019
Июль 2012	9,473372106	5,434176049	9,493695253
Август 2012	9,479668028	5,439725779	9,494441446
Сентябрь 2012	9,50577705	5,444178065	9,516098181
Октябрь 2012	9,480917739	5,443789064	9,491627872
Ноябрь 2012	9,474670395	5,439039717	9,490129875
Декабрь 2012	9,48068349	5,43634302	9,498839666
Январь 2013	9,536804119	5,43929596	9,552007356
Февраль 2013	9,550697197	5,447452633	9,55774376
Март 2013	9,587305863	5,45006373	9,59174133
Апрель 2013	9,60506804	5,449023549	9,610543687
Май 2013	9,623480617	5,450802374	9,62717744
Июнь 2013	9,60976058	5,453199208	9,611060569
Июль 2013	9,648565625	5,453593128	9,649471694
Август 2013	9,603078839	5,454795336	9,602782699
Сентябрь 2013	9,624412996	5,455957665	9,622954527
Октябрь 2013	9,651542568	5,45337906	9,652662705
Ноябрь 2013	9,685730095	5,451334547	9,688894745
Декабрь 2013	9,715750961	5,451248732	9,719001425
Январь 2014	9,66134274	5,454962077	9,66087986
Февраль 2014	9,700251402	5,458653165	9,696097434
Март 2014	9,708546301	5,46507256	9,697972937
Апрель 2014	9,716003091	5,468363892	9,702138395
Май 2014	9,724191614	5,471850417	9,706840393
Июнь 2014	9,730716247	5,473710813	9,71150463
Июль 2014	9,714944683	5,473320543	9,696123337
Август 2014	9,746743095	5,471648632	9,72959366
Сентябрь 2014	9,743488974	5,472400917	9,725587253
Октябрь 2014	9,763680509	5,469885478	9,748294227
Ноябрь 2014	9,788538996	5,464471431	9,778566761
Декабрь 2014	9,788248965	5,458785194	9,783962967
Январь 2015	9,750624793	5,455929904	9,749194085
Февраль 2015	9,805472217	5,454499196	9,805472217
